49 24 0
49 25 0
50 25 0
51 25 0
52 25 0
53 25 0
54 25 0
55 25 0
56 25 0
57 25 0
58 25 0
59 25 0
60 25 0
61 25 0
62 25 0
63 25 0
64 25 0
65 25 0
66 25 0
67 25 0
68 25 0
69 25 0
70 25 0
71 25 0
72 25 0
73 25 0
74 25 0
74 26 0
74 27 0
88 32 0
87 32 0
87 31 0
86 31 0
85 31 0
84 31 0
83 31 0
115 29 0
114 29 0
114 30 0
114 31 0
113 31 0
112 31 0
111 31 0
110 31 0
41 19 0
42 19 0
42 20 0
42 21 0
43 21 0
44 21 0
45 21 0
114 28 0
113 28 0
112 28 0
111 28 0
110 28 0
109 28 0
108 28 0
108 29 0
108 30 0
115 24 0
115 25 0
116 25 0
117 25 0
118 25 0
119 25 0
120 25 0
121 25 0
122 25 0
123 25 0
124 25 0
124 26 0
124 27 0
