48 22 0
49 22 0
49 23 0
50 23 0
51 23 0
52 23 0
53 23 0
54 23 0
82 27 0
81 27 0
80 27 0
79 27 0
78 27 0
111 19 0
110 19 0
110 20 0
110 21 0
110 22 0
110 23 0
110 24 0
110 25 0
110 26 0
109 26 0
108 26 0
107 26 0
106 26 0
105 26 0
104 26 0
103 26 0
102 26 0
40 18 0
40 19 0
41 19 0
42 19 0
42 20 0
42 21 0
76 16 0
76 17 0
76 18 0
77 18 0
78 18 0
79 18 0
80 18 0
81 18 0
82 18 0
83 18 0
84 18 0
85 18 0
86 18 0
87 18 0
88 18 0
89 18 0
90 18 0
91 18 0
92 18 0
93 18 0
94 18 0
95 18 0
96 18 0
97 18 0
98 18 0
99 18 0
100 18 0
100 19 0
100 20 0
