63 29 1
64 29 1
65 29 1
66 29 1
67 29 1
90 30 1
89 30 1
89 29 1
88 29 1
87 29 1
86 29 1
113 27 1
112 27 1
112 28 1
111 28 1
110 28 1
109 28 1
108 28 1
107 28 1
48 21 1
48 22 1
48 23 1
48 24 1
49 24 1
50 24 1
51 24 1
52 24 1
53 24 1
54 24 1
55 24 1
56 24 1
57 24 1
58 24 1
59 24 1
59 25 1
59 26 1
65 24 1
64 24 1
63 24 1
62 24 1
61 24 1
60 24 1
59 24 0
59 25 0
59 26 1
68 21 1
68 22 1
68 23 1
69 23 1
70 23 1
71 23 1
72 23 1
73 23 1
73 24 1
73 25 1
77 17 1
78 17 1
78 16 1
79 16 1
80 16 1
81 16 1
82 16 1
83 16 1
84 16 1
59 25 1
59 24 1
59 23 1
59 22 1
60 22 1
61 22 1
62 22 1
63 22 1
64 22 1
65 22 1
66 22 1
67 22 1
68 22 1
68 21 1
68 20 1
78 16 0
79 16 0
80 16 0
81 16 0
82 16 0
83 16 0
84 16 0
59 18 1
60 18 1
61 18 1
62 18 1
63 18 1
