70 16 0
70 15 0
70 14 0
71 14 0
72 14 0
73 14 0
74 14 0
75 14 0
75 13 0
75 12 0
95 15 0
94 15 0
94 14 0
94 13 0
94 12 0
94 11 0
94 10 0
94 9 0
94 8 0
93 8 0
92 8 0
91 8 0
90 8 0
89 8 0
124 6 0
123 6 0
123 7 0
123 8 0
123 9 0
123 10 0
123 11 0
123 12 0
123 13 0
123 14 0
123 15 0
123 16 0
122 16 0
121 16 0
120 16 0
119 16 0
53 22 0
54 22 0
55 22 0
56 22 0
57 22 0
58 22 0
59 22 0
105 24 0
105 23 0
105 22 0
105 21 0
105 20 0
104 20 0
103 20 0
102 20 0
101 20 0
100 20 0
99 20 0
98 20 0
98 19 0
98 18 0
