60 24 0
61 24 0
61 23 0
61 22 0
61 21 0
62 21 0
63 21 0
64 21 0
65 21 0
95 26 0
94 26 0
94 25 0
93 25 0
92 25 0
91 25 0
90 25 0
89 25 0
88 25 0
87 25 0
122 25 0
121 25 0
121 26 0
120 26 0
119 26 0
118 26 0
117 26 0
116 26 0
115 26 0
114 26 0
113 26 0
112 26 0
38 28 0
39 28 0
39 27 0
39 26 0
39 25 0
39 24 0
39 23 0
40 23 0
41 23 0
103 20 0
103 21 0
103 22 0
103 23 0
102 23 0
101 23 0
100 23 0
99 23 0
98 23 0
98 24 0
98 25 0
60 24 0
61 24 0
61 23 0
61 22 0
61 21 0
61 20 0
61 19 0
61 18 0
61 17 0
61 16 0
61 15 0
61 14 0
61 13 0
61 12 0
62 12 0
63 12 0
64 12 0
65 12 0
66 12 0
67 12 0
68 12 0
122 25 0
121 25 0
121 24 0
121 23 0
121 22 0
121 21 0
121 20 0
121 19 0
121 18 0
121 17 0
121 16 0
121 15 0
121 14 0
121 13 0
121 12 0
121 11 0
120 11 0
119 11 0
118 11 0
117 11 0
116 11 0
115 11 0
114 11 0
113 11 0
112 11 0
111 11 0
110 11 0
109 11 0
108 11 0
107 11 0
106 11 0
105 11 0
104 11 0
103 11 0
102 11 0
101 11 0
100 11 0
99 11 0
98 11 0
97 11 0
96 11 0
95 11 0
94 11 0
93 11 0
92 11 0
91 11 0
90 11 0
89 11 0
88 11 0
87 11 0
86 11 0
38 28 0
39 28 0
39 27 0
39 26 0
39 25 0
39 24 0
39 23 0
39 22 0
39 21 0
39 20 0
39 19 0
39 18 0
39 17 0
39 16 0
39 15 0
39 14 0
39 13 0
39 12 0
40 12 0
41 12 0
42 12 0
43 12 0
44 12 0
45 12 0
46 12 0
47 12 0
48 12 0
49 12 0
50 12 0
51 12 0
52 12 0
53 12 0
54 12 0
55 12 0
56 12 0
57 12 0
58 12 0
59 12 0
60 12 0
61 12 0
62 12 0
63 12 0
64 12 0
65 12 0
66 12 0
67 12 0
68 12 0
