62 10 0
63 10 0
63 11 0
63 12 0
63 13 0
63 14 0
63 15 0
63 16 0
63 17 0
63 18 0
63 19 0
63 20 0
64 20 0
92 26 0
91 26 0
91 25 0
91 24 0
91 23 0
91 22 0
91 21 0
91 20 0
91 19 0
90 19 0
89 19 0
88 19 0
87 19 0
102 16 0
102 17 0
102 18 0
102 19 0
103 19 0
104 19 0
105 19 0
106 19 0
106 20 0
23 19 0
23 18 0
23 17 0
24 17 0
25 17 0
26 17 0
27 17 0
28 17 0
29 17 0
30 17 0
31 17 0
32 17 0
33 17 0
34 17 0
35 17 0
36 17 0
37 17 0
38 17 0
39 17 0
40 17 0
41 17 0
42 17 0
43 17 0
43 16 0
36 11 0
37 11 0
37 10 0
38 10 0
39 10 0
40 10 0
41 10 0
