60 8 0
61 8 0
61 7 0
61 6 0
61 5 0
62 5 0
63 5 0
64 5 0
89 15 0
88 15 0
88 14 0
88 13 0
88 12 0
88 11 0
88 10 0
88 9 0
88 8 0
87 8 0
86 8 0
85 8 0
105 24 0
105 23 0
105 22 0
105 21 0
105 20 0
106 20 0
107 20 0
108 20 0
109 20 0
110 20 0
111 20 0
112 20 0
113 20 0
113 19 0
54 20 0
54 19 0
54 18 0
54 17 0
54 16 0
53 16 0
52 16 0
51 16 0
50 16 0
49 16 0
48 16 0
47 16 0
46 16 0
45 16 0
44 16 0
43 16 0
42 16 0
41 16 0
40 16 0
39 16 0
38 16 0
38 15 0
121 18 0
120 18 0
120 17 0
120 16 0
120 15 0
120 14 0
120 13 0
120 12 0
119 12 0
118 12 0
117 12 0
116 12 0
