69 24 1
69 23 1
69 22 1
70 22 1
71 22 1
72 22 1
73 22 1
74 22 1
75 22 1
76 22 1
77 22 1
77 21 1
83 10 1
82 10 1
82 11 1
82 12 1
82 13 1
82 14 1
81 14 1
115 12 1
114 12 1
114 11 1
114 10 1
113 10 1
112 10 1
111 10 1
110 10 1
109 10 1
56 29 1
57 29 1
57 30 1
57 31 1
57 32 1
57 33 1
58 33 1
59 33 1
60 33 1
61 33 1
62 33 1
110 21 1
110 20 1
110 19 1
110 18 1
110 17 1
110 16 1
110 15 1
109 15 1
108 15 1
107 15 1
106 15 1
105 15 1
104 15 1
103 15 1
102 15 1
101 15 1
100 15 1
99 15 1
98 15 1
97 15 1
96 15 1
95 15 1
95 14 1
