72 7 0
73 7 0
73 8 0
73 9 0
73 10 0
74 10 0
75 10 0
105 13 0
104 13 0
104 12 0
104 11 0
104 10 0
104 9 0
104 8 0
103 8 0
102 8 0
122 20 0
122 19 0
121 19 0
120 19 0
119 19 0
118 19 0
117 19 0
116 19 0
115 19 0
114 19 0
113 19 0
112 19 0
111 19 0
110 19 0
109 19 0
108 19 0
108 18 0
45 17 0
45 16 0
45 15 0
45 14 0
45 13 0
46 13 0
47 13 0
48 13 0
49 13 0
50 13 0
51 13 0
52 13 0
53 13 0
54 13 0
55 13 0
56 13 0
57 13 0
58 13 0
59 13 0
60 13 0
61 13 0
62 13 0
62 12 0
47 8 0
48 8 0
48 9 0
49 9 0
72 7 0
73 7 0
73 8 0
73 9 0
73 10 0
73 11 0
73 12 0
73 13 0
73 14 0
73 15 0
73 16 0
73 17 0
73 18 0
73 19 0
73 20 0
73 21 0
73 22 0
73 23 0
73 24 0
73 25 0
74 25 0
75 25 0
76 25 0
59 19 0
60 19 0
60 20 0
60 21 0
60 22 0
60 23 0
60 24 0
60 25 0
61 25 0
62 25 0
63 25 0
64 25 0
65 25 0
66 25 0
67 25 0
68 25 0
69 25 0
70 25 0
71 25 0
72 25 0
73 25 0
74 25 0
75 25 0
76 25 0
48 25 0
49 25 0
50 25 0
51 25 0
52 25 0
53 25 0
54 25 0
55 25 0
56 25 0
57 25 0
58 25 0
59 25 0
60 25 0
61 25 0
62 25 0
63 25 0
64 25 0
65 25 0
66 25 0
67 25 0
68 25 0
69 25 0
70 25 0
71 25 0
72 25 0
73 25 0
74 25 0
75 25 0
76 25 0
35 11 0
35 12 0
35 13 0
35 14 0
35 15 0
35 16 0
36 16 0
37 16 0
38 16 0
39 16 0
40 16 0
41 16 0
42 16 0
43 16 0
44 16 0
45 16 0
45 17 0
