61 24 0
62 24 0
63 24 0
64 24 0
65 24 0
66 24 0
93 26 0
92 26 0
91 26 0
90 26 0
89 26 0
88 26 0
87 26 0
86 26 0
121 33 0
120 33 0
120 32 0
120 31 0
120 30 0
120 29 0
120 28 0
120 27 0
120 26 0
119 26 0
118 26 0
117 26 0
116 26 0
115 26 0
52 19 0
52 20 0
53 20 0
54 20 0
54 21 0
104 21 0
104 22 0
104 23 0
103 23 0
102 23 0
101 23 0
100 23 0
99 23 0
99 24 0
63 15 0
64 15 0
64 14 0
65 14 0
66 14 0
67 14 0
121 33 0
120 33 0
120 32 0
120 31 0
120 30 0
120 29 0
120 28 0
120 27 0
120 26 0
120 25 0
120 24 0
120 23 0
120 22 0
120 21 0
120 20 0
120 19 0
120 18 0
120 17 0
120 16 0
120 15 0
120 14 0
119 14 0
118 14 0
117 14 0
116 14 0
115 14 0
114 14 0
113 14 0
112 14 0
111 14 0
110 14 0
109 14 0
108 14 0
107 14 0
106 14 0
105 14 0
104 14 0
103 14 0
102 14 0
101 14 0
100 14 0
99 14 0
98 14 0
97 14 0
96 14 0
95 14 0
94 14 0
93 14 0
92 14 0
91 14 0
