69 11 0
70 11 0
70 12 0
70 13 0
71 13 0
99 14 0
98 14 0
98 13 0
97 13 0
109 29 0
109 28 0
109 27 0
109 26 0
109 25 0
108 25 0
107 25 0
106 25 0
105 25 0
104 25 0
103 25 0
102 25 0
101 25 0
101 24 0
45 19 0
46 19 0
46 18 0
46 17 0
46 16 0
46 15 0
46 14 0
46 13 0
46 12 0
46 11 0
46 10 0
47 10 0
48 10 0
49 10 0
127 22 0
126 22 0
126 21 0
126 20 0
125 20 0
124 20 0
123 20 0
122 20 0
121 20 0
69 11 0
70 11 0
70 10 0
70 9 0
70 8 0
70 7 0
70 6 0
70 5 0
70 4 0
71 4 0
72 4 0
73 4 0
74 4 0
75 4 0
76 4 0
45 19 0
46 19 0
46 18 0
46 17 0
46 16 0
46 15 0
46 14 0
46 13 0
46 12 0
46 11 0
46 10 0
46 9 0
46 8 0
46 7 0
46 6 0
46 5 0
46 4 0
47 4 0
48 4 0
49 4 0
50 4 0
51 4 0
52 4 0
53 4 0
54 4 0
55 4 0
56 4 0
57 4 0
58 4 0
59 4 0
60 4 0
61 4 0
62 4 0
63 4 0
64 4 0
65 4 0
66 4 0
67 4 0
68 4 0
69 4 0
70 4 0
71 4 0
72 4 0
73 4 0
74 4 0
75 4 0
76 4 0
127 22 0
126 22 0
126 21 0
126 20 0
126 19 0
126 18 0
126 17 0
126 16 0
126 15 0
126 14 0
126 13 0
126 12 0
126 11 0
126 10 0
126 9 0
126 8 0
126 7 0
126 6 0
126 5 0
125 5 0
124 5 0
123 5 0
122 5 0
121 5 0
120 5 0
119 5 0
118 5 0
117 5 0
116 5 0
115 5 0
114 5 0
113 5 0
112 5 0
111 5 0
110 5 0
109 5 0
108 5 0
107 5 0
106 5 0
105 5 0
104 5 0
103 5 0
102 5 0
