48 27 0
49 27 0
49 26 0
49 25 0
49 24 0
49 23 0
50 23 0
51 23 0
52 23 0
76 32 0
75 32 0
75 31 0
75 30 0
75 29 0
75 28 0
75 27 0
75 26 0
75 25 0
74 25 0
102 25 0
101 25 0
101 26 0
101 27 0
101 28 0
100 28 0
99 28 0
98 28 0
97 28 0
96 28 0
95 28 0
94 28 0
21 19 0
21 20 0
21 21 0
21 22 0
22 22 0
23 22 0
24 22 0
25 22 0
26 22 0
27 22 0
28 22 0
29 22 0
30 22 0
31 22 0
32 22 0
32 23 0
72 34 0
73 34 0
73 33 0
73 32 0
74 32 0
75 32 0
76 32 0
48 27 0
49 27 0
49 26 0
49 25 0
49 24 0
49 23 0
49 22 0
49 21 0
49 20 0
49 19 0
49 18 0
49 17 0
49 16 0
49 15 0
49 14 0
49 13 0
49 12 0
49 11 0
50 11 0
51 11 0
52 11 0
53 11 0
54 11 0
55 11 0
56 11 0
57 11 0
58 11 0
59 11 0
60 11 0
61 11 0
62 11 0
39 14 0
40 14 0
40 13 0
40 12 0
40 11 0
41 11 0
42 11 0
43 11 0
44 11 0
45 11 0
46 11 0
47 11 0
48 11 0
49 11 0
50 11 0
51 11 0
52 11 0
53 11 0
54 11 0
55 11 0
56 11 0
57 11 0
58 11 0
59 11 0
60 11 0
61 11 0
62 11 0
